               text_00 text_01 text_02 text_03 text_04 text_05 text_06 text_07 text_08 text_09 text_10 text_11 text_12 text_13 text_14 text_15 text_16 text_17 text_18 text_19 text_20 text_21 text_22 text_23 text_24 text_25 text_26 text_27 text_28 text_29 text_30 text_31 text_32 text_33 text_34 text_35 text_36 text_37 text_38 text_39 text_40 text_41 text_42 text_43 text_44 text_45 text_46 text_47 text_48 text_49 total   
accelerometer  206     191     215     192     219     210     196     197     188     186     215     213     206     224     217     199     207     222     186     208     181     208     216     204     205     199     188     192     207     175     185     180     186     212     203     226     198     190     200     195     199     212     180     197     193     205     201     206     200     212     10052   
aloha          209     201     206     193     196     206     200     211     171     192     194     189     167     206     199     250     171     209     188     205     197     197     213     194     196     175     188     191     191     204     183     221     195     213     219     217     215     180     192     211     200     242     209     188     192     213     191     195     223     222     10030   
ama            216     216     205     199     190     208     229     221     201     215     172     194     191     203     207     188     205     206     191     211     182     225     200     201     204     184     178     197     185     197     196     194     194     208     202     205     193     207     194     188     199     203     203     203     218     191     209     191     201     195     10015   
angelic        192     195     179     228     217     208     177     161     185     194     211     194     202     208     217     192     221     179     197     202     181     191     195     197     200     211     180     207     190     208     211     209     196     195     204     202     209     202     199     191     212     221     188     207     209     213     204     203     210     193     9997    
barometer      211     197     185     219     196     206     201     226     203     179     192     212     230     194     228     194     198     188     200     194     206     188     200     179     213     187     181     177     204     208     182     195     198     191     215     199     199     197     198     218     206     199     213     183     179     213     184     198     174     218     9955    
beatific       214     189     206     188     207     211     204     218     213     200     194     208     216     195     186     191     216     212     225     212     178     209     212     212     212     203     184     211     205     198     222     216     216     192     211     229     205     199     184     188     178     206     238     194     219     201     192     226     200     189     10234   
benthic        195     220     196     208     203     229     220     206     210     187     196     204     191     203     207     193     220     191     194     198     186     203     191     188     187     205     194     181     183     197     218     204     233     207     204     202     185     171     216     204     203     229     227     196     211     217     178     178     203     213     10085   
bitnet         228     203     201     176     176     203     194     222     196     219     207     193     246     219     191     198     187     222     205     185     195     199     201     219     219     211     203     193     178     178     198     179     201     186     226     184     195     205     193     192     209     208     204     217     221     207     197     220     202     228     10139   
burlesque      187     195     193     205     205     219     202     213     206     193     196     207     179     205     189     186     195     194     197     190     174     192     194     196     233     197     221     230     194     204     191     187     202     191     204     193     220     183     205     179     194     218     195     191     199     192     189     196     196     199     9915    
ceramic        201     207     198     197     200     195     212     189     208     204     201     209     201     189     200     220     204     200     214     204     175     236     178     170     178     202     225     205     207     196     221     202     214     176     184     192     211     202     211     203     207     220     213     208     204     229     181     208     190     186     10087   
chartres       198     212     182     208     197     191     186     185     189     191     189     197     184     204     198     206     209     198     198     178     194     200     213     207     205     207     200     233     201     202     215     193     226     178     202     195     181     197     166     214     212     201     216     185     198     179     218     221     220     202     9981    
churn          212     215     184     175     189     201     210     204     223     185     209     207     193     202     191     201     191     199     188     207     202     207     211     230     203     208     189     228     196     202     171     194     214     178     167     195     225     197     173     212     214     201     221     215     211     239     175     205     223     205     10097   
convention     203     196     198     206     193     202     201     213     206     192     203     173     201     223     195     229     198     201     210     189     206     199     200     204     179     197     218     204     193     197     198     208     202     228     202     198     230     181     205     190     218     203     204     197     185     204     224     186     179     208     10079   
debris         203     196     226     200     197     190     198     187     191     205     217     207     215     176     210     212     205     207     190     204     214     211     221     204     199     203     194     218     209     206     213     188     199     199     200     207     190     203     193     203     198     205     194     185     162     231     215     204     192     198     10094   
diatomaceous   168     209     211     194     198     229     193     201     189     191     184     175     216     200     191     198     177     192     197     197     198     215     220     190     190     223     181     208     203     213     195     195     198     207     191     204     207     212     183     213     174     206     204     204     191     182     182     187     194     197     9877    
dietetic       182     191     200     208     215     192     202     208     206     197     202     198     194     196     206     193     198     195     209     219     198     183     186     175     187     222     202     192     211     217     183     192     176     205     203     210     180     176     194     207     162     208     213     200     191     175     237     175     174     200     9845    
duma           209     212     199     206     193     178     210     199     203     206     220     184     218     187     212     187     223     199     204     192     210     172     200     206     179     196     183     214     210     183     208     174     204     191     198     213     217     197     200     207     190     228     202     215     197     207     204     197     208     195     10046   
eclectic       207     195     195     199     221     201     206     190     218     221     201     201     193     183     185     205     206     200     200     190     205     210     199     231     196     180     239     188     198     199     205     211     186     202     212     194     204     186     214     202     201     205     198     207     218     191     216     209     176     188     10087   
epitome        198     202     241     199     202     204     197     163     214     187     207     182     210     204     192     189     207     199     197     204     189     207     201     201     196     198     201     186     212     209     221     201     199     218     204     204     210     211     205     205     228     169     216     214     206     204     180     176     200     200     10069   
finitude       205     205     202     199     189     182     192     187     213     208     195     206     190     177     201     220     218     202     210     198     191     169     191     196     198     202     199     192     207     205     232     192     190     190     208     210     234     206     213     209     194     193     194     199     189     201     233     209     190     209     10044   
fizeau         197     181     174     227     209     179     203     194     206     202     196     200     201     189     191     194     186     204     179     198     213     188     181     203     172     204     194     201     199     218     188     205     215     191     187     166     196     188     195     214     212     217     166     205     190     206     210     179     198     181     9792    
force          198     186     190     185     213     196     213     193     201     187     221     199     188     214     197     198     233     210     234     202     236     212     206     221     198     218     209     188     191     193     214     206     208     190     191     197     189     206     184     197     203     191     195     204     191     215     214     187     175     183     10070   
havana         209     190     189     207     200     201     183     188     208     194     188     204     197     215     182     216     177     194     221     196     200     190     204     215     221     183     212     187     175     214     214     213     194     194     210     225     161     205     186     198     202     203     189     210     186     184     183     196     206     220     9939    
hip            197     191     219     194     197     212     186     188     215     192     201     199     206     171     200     205     193     182     196     212     202     199     194     178     213     196     207     182     198     193     217     194     224     180     179     195     193     218     195     192     222     189     175     185     204     195     199     208     206     186     9874    
include        181     194     214     179     202     233     177     206     193     178     200     184     201     195     187     169     209     203     201     221     230     204     199     194     197     164     180     198     203     196     203     202     226     219     216     208     206     219     203     199     220     211     178     188     239     207     204     213     187     216     10056   
interruption   178     169     204     202     189     222     202     211     198     209     205     171     202     195     209     201     210     207     191     169     212     212     183     190     209     211     176     226     200     198     218     186     213     231     193     190     181     165     191     217     232     188     189     198     204     186     180     211     210     215     9959    
jacobian       204     199     182     198     196     211     200     199     193     203     183     177     198     176     203     206     191     199     188     194     206     199     215     196     213     201     196     177     206     189     197     205     196     223     203     209     182     201     195     170     181     186     198     193     203     205     196     224     194     222     9881    
jewell         200     206     203     215     210     180     179     196     217     195     208     203     193     211     191     196     199     210     193     178     209     196     202     205     189     192     199     223     184     185     196     184     194     191     194     187     212     197     192     192     174     204     207     196     186     223     188     218     210     198     9910    
kapok          193     185     196     192     196     217     205     186     205     203     196     215     187     187     207     189     205     226     174     201     214     218     205     214     205     204     192     202     204     182     200     196     203     220     188     215     196     187     219     199     184     219     212     198     183     210     179     194     191     198     9996    
millenarian    191     198     213     205     200     184     203     193     212     228     190     226     215     203     216     213     158     186     191     186     200     203     203     203     178     192     226     193     218     204     205     208     240     172     209     203     176     195     202     179     224     185     196     206     196     190     196     201     218     196     10028   
motorcar       193     217     183     182     200     177     211     190     214     194     196     207     202     198     187     210     187     196     221     210     203     178     196     199     202     199     207     207     199     206     191     214     189     207     204     179     189     206     216     213     204     166     198     206     194     193     207     194     205     194     9940    
numeric        187     213     200     216     181     188     205     202     175     199     189     186     186     193     200     219     210     185     228     217     203     187     189     203     206     198     211     209     203     210     176     238     168     179     201     197     189     205     182     215     206     204     201     195     204     174     186     163     204     214     9899    
permanent      199     175     206     213     187     207     218     235     214     205     201     194     181     198     197     195     179     204     199     190     183     176     211     204     178     183     225     215     178     199     177     210     195     223     193     208     208     206     218     195     198     192     224     187     200     201     203     204     207     192     9990    
prominent      185     182     199     200     190     174     199     188     200     213     191     197     183     218     204     204     212     201     199     217     199     190     188     183     184     232     183     177     221     209     188     175     176     193     185     216     210     204     211     169     197     177     211     204     227     181     194     195     202     198     9835    
purgative      207     209     205     201     190     214     187     204     192     209     186     194     200     216     199     197     197     201     211     210     220     200     190     188     208     180     207     200     231     195     205     204     203     182     192     209     225     243     176     188     188     183     195     203     190     197     201     189     200     195     10016   
quadric        199     203     208     228     185     177     186     206     185     224     210     189     186     203     175     195     221     208     218     192     199     217     201     201     198     215     227     180     198     200     209     210     203     189     220     171     191     204     200     216     198     182     229     212     196     201     206     223     199     177     10070   
quinn          204     189     220     190     204     194     197     201     210     206     203     194     212     233     205     208     199     159     188     187     216     198     169     207     188     208     191     193     210     194     161     216     191     205     182     192     231     201     228     184     218     187     203     213     190     171     208     197     186     200     9941    
rapier         202     199     214     205     215     188     179     219     201     177     177     195     187     189     210     199     188     219     203     200     211     203     190     174     201     201     219     206     187     193     200     187     206     208     189     196     203     232     195     210     165     214     206     188     223     191     197     219     216     193     9989    
rufus          203     208     187     183     189     215     205     198     202     220     231     213     207     180     224     184     213     191     172     186     179     189     214     214     186     188     184     192     220     196     200     195     188     189     224     205     189     177     184     202     220     191     179     188     173     225     196     191     213     198     9900    
salvation      192     219     187     219     210     201     207     219     211     211     199     199     206     218     204     192     194     174     203     225     208     192     183     214     203     207     211     212     208     205     203     199     196     198     193     194     182     206     194     195     209     196     186     206     211     175     176     205     224     209     10090   
scenic         212     188     197     189     200     209     193     201     190     214     189     198     197     232     214     171     204     226     194     204     203     180     200     195     187     175     206     207     219     191     187     195     209     185     187     199     201     193     226     196     193     183     196     223     206     202     209     207     180     197     9959    
seek           197     208     230     190     175     201     220     197     215     185     215     224     195     204     160     210     230     207     192     199     183     214     196     199     215     216     205     199     173     195     204     208     213     230     217     189     188     197     203     208     177     179     186     187     185     180     225     199     190     180     9994    
signet         205     201     185     197     204     187     219     187     180     198     190     206     191     195     206     214     184     185     168     210     210     193     216     194     190     223     195     199     199     211     220     205     194     200     186     195     209     212     229     190     207     214     165     217     197     200     198     181     226     207     9994    
spatial        186     202     210     211     194     222     210     180     211     207     206     214     177     191     203     212     187     192     207     193     223     186     201     201     215     196     197     187     217     187     183     220     206     224     193     196     203     199     213     190     204     208     212     171     201     199     187     193     204     218     10049   
thumbprint     203     201     182     192     233     195     192     214     182     204     219     228     200     198     216     204     203     223     210     213     175     221     190     201     212     173     182     189     193     203     210     203     197     190     172     188     176     230     195     201     174     199     186     199     175     229     196     197     205     196     9969    
trianon        216     227     197     189     201     196     208     206     179     197     191     212     212     198     189     185     192     188     200     217     213     237     202     217     193     197     198     207     216     209     200     202     166     184     215     197     184     177     211     193     235     200     210     210     208     167     203     195     191     175     10012   
verbiage       210     209     212     189     191     192     186     203     186     193     209     216     237     210     190     179     194     210     194     193     218     208     207     190     211     204     212     215     187     200     223     206     179     201     220     198     196     173     210     199     196     184     197     230     236     196     214     212     208     202     10135   
verisimilitude 201     190     176     191     211     184     199     201     185     202     191     211     206     200     192     189     213     194     188     206     191     201     222     176     224     188     191     179     193     183     189     186     191     228     204     210     211     218     211     224     194     169     222     175     216     206     190     191     202     192     9907    
wagner         197     202     197     209     211     167     188     191     195     199     192     182     201     169     211     206     190     204     203     208     188     208     194     197     201     212     210     200     193     231     173     197     194     219     199     197     198     199     194     199     195     191     169     208     191     183     220     223     206     212     9923    
yeomanry       210     212     199     203     214     212     210     203     192     200     222     210     203     203     209     189     186     197     234     179     191     180     207     220     224     230     200     203     193     213     201     196     194     188     195     190     217     235     204     225     170     211     188     190     202     214     225     201     182     179     10155   
